0 0.722114 0.493151 0.718200 0.497065 0.722114 0.504892 0.716243 0.510763 0.716243 0.514677 0.722114 0.520548 0.722114 0.526419 0.731898 0.534247 0.735812 0.545988 0.729941 0.551859 0.731898 0.557730 0.729941 0.565558 0.733855 0.569472 0.741683 0.565558 0.743640 0.567515 0.749511 0.565558 0.765166 0.567515 0.772994 0.563601 0.778865 0.565558 0.782779 0.557730 0.776908 0.549902 0.786693 0.540117 0.786693 0.536204 0.774951 0.526419 0.776908 0.520548 0.765166 0.506849 0.761252 0.506849 0.755382 0.512720 0.743640 0.508806 0.739726 0.512720 0.741683 0.518591 0.733855 0.522505 0.724070 0.506849 0.729941 0.500978 0.729941 0.497065
0 0.694716 0.493151 0.690802 0.497065 0.690802 0.500978 0.694716 0.504892 0.698630 0.504892 0.702544 0.500978 0.702544 0.497065 0.698630 0.493151
0 0.772994 0.491194 0.769080 0.495108 0.769080 0.499022 0.772994 0.502935 0.776908 0.502935 0.780822 0.499022 0.780822 0.495108 0.776908 0.491194
1 0.831703 0.675147 0.681018 0.679061 0.671233 0.696673 0.657534 0.681018 0.436399 0.694716 0.436399 0.812133 0.463796 0.823875 0.829746 0.796477 0.839530 0.774951 0.818004 0.757339 0.837573 0.749511
2 0.285714 0.195695 0.162427 0.213307 0.166341 0.281800 0.195695 0.305284 0.185910 0.318982 0.176125 0.297456 0.172211 0.328767 0.205479 0.332681 0.172211 0.367906 0.187867 0.387476 0.197652 0.369863 0.225049 0.381605 0.211350 0.401174 0.203523 0.379648 0.199609 0.401174 0.225049 0.403131 0.234834 0.426614 0.201566 0.422701 0.250489 0.436399 0.238748 0.483366 0.258317 0.489237 0.240705 0.530333 0.228963 0.506849 0.209393 0.512720 0.244618 0.534247 0.234834 0.561644 0.223092 0.536204 0.205479 0.536204 0.199609 0.559687 0.197652 0.524462 0.183953 0.540117 0.195695 0.604697 0.317025 0.594912
2 0.217221 0.493151 0.221135 0.497065 0.225049 0.495108 0.232877 0.502935 0.236791 0.499022 0.234834 0.497065 0.236791 0.495108 0.232877 0.491194 0.228963 0.495108 0.227006 0.495108 0.221135 0.489237
2 0.219178 0.467710 0.211350 0.473581 0.219178 0.479452 0.223092 0.475538 0.223092 0.471624
3 0.698630 0.191781 0.430528 0.483366 0.502935 0.553816 0.522505 0.547945 0.522505 0.569472 0.577299 0.508806 0.557730 0.518591 0.538160 0.506849 0.573386 0.485323 0.555773 0.493151 0.545988 0.477495 0.579256 0.467710 0.565558 0.452055 0.594912 0.450098 0.590998 0.436399 0.573386 0.440313 0.569472 0.401174 0.594912 0.428571 0.608611 0.407045 0.647750 0.428571 0.786693 0.272016
3 0.620352 0.428571 0.624266 0.432485 0.628180 0.432485 0.630137 0.430528 0.639922 0.440313 0.643836 0.436399 0.636008 0.428571 0.634051 0.430528 0.628180 0.424658 0.624266 0.424658
3 0.590998 0.469667 0.589041 0.469667 0.585127 0.473581 0.583170 0.471624 0.579256 0.475538 0.585127 0.481409 0.587084 0.479452 0.590998 0.479452 0.594912 0.475538 0.594912 0.473581
