0 0.524462 0.301370 0.520548 0.301370 0.516634 0.305284 0.516634 0.309198 0.520548 0.313112 0.528376 0.307241 0.528376 0.305284
0 0.502935 0.289628 0.499022 0.289628 0.495108 0.293542 0.495108 0.297456 0.491194 0.301370 0.491194 0.305284 0.495108 0.309198 0.499022 0.309198 0.502935 0.305284 0.502935 0.301370 0.506849 0.297456 0.506849 0.293542
0 0.454012 0.258317 0.442270 0.270059 0.444227 0.283757 0.440313 0.287671 0.434442 0.285714 0.430528 0.289628 0.432485 0.291585 0.430528 0.293542 0.440313 0.301370 0.438356 0.307241 0.442270 0.311155 0.446184 0.309198 0.461840 0.311155 0.463796 0.309198 0.473581 0.318982 0.483366 0.307241 0.481409 0.303327 0.487280 0.297456 0.485323 0.291585 0.495108 0.281800 0.493151 0.279843 0.495108 0.277886 0.487280 0.272016 0.485323 0.273973 0.483366 0.272016 0.479452 0.275930 0.469667 0.270059 0.465753 0.270059 0.459883 0.264188 0.461840 0.262231 0.457926 0.258317
1 0.673190 0.264188 0.677104 0.281800 0.669276 0.293542 0.657534 0.287671 0.659491 0.307241 0.641879 0.287671 0.659491 0.270059 0.645793 0.268102 0.636008 0.279843 0.637965 0.297456 0.653620 0.309198 0.637965 0.320939 0.647750 0.326810 0.655577 0.318982 0.663405 0.332681 0.649706 0.344423 0.657534 0.367906 0.630137 0.340509 0.641879 0.336595 0.624266 0.320939 0.628180 0.305284 0.610568 0.338552 0.602740 0.320939 0.592955 0.328767 0.622309 0.356164 0.608611 0.362035 0.653620 0.452055 0.659491 0.485323 0.677104 0.499022 0.757339 0.463796 0.761252 0.448141 0.686888 0.273973
1 0.628180 0.164384 0.542074 0.199609 0.540117 0.207436 0.563601 0.244618 0.559687 0.252446 0.573386 0.272016 0.579256 0.273973 0.587084 0.266145 0.602740 0.277886 0.606654 0.273973 0.594912 0.256360 0.585127 0.262231 0.581213 0.258317 0.589041 0.236791 0.600783 0.250489 0.604697 0.244618 0.598826 0.238748 0.604697 0.232877 0.612524 0.236791 0.616438 0.232877 0.600783 0.211350 0.604697 0.207436 0.630137 0.219178 0.637965 0.213307 0.634051 0.207436 0.626223 0.211350 0.622309 0.207436 0.632094 0.191781 0.636008 0.195695 0.643836 0.191781 0.639922 0.185910 0.632094 0.191781 0.626223 0.178082 0.632094 0.172211
1 0.583170 0.277886 0.579256 0.281800 0.581213 0.283757 0.577299 0.287671 0.577299 0.291585 0.581213 0.295499 0.590998 0.285714
2 0.618395 0.614481 0.469667 0.681018 0.467710 0.710372 0.448141 0.686888 0.436399 0.706458 0.426614 0.698630 0.330724 0.739726 0.360078 0.831703 0.371820 0.837573 0.469667 0.796477 0.491194 0.761252 0.483366 0.741683 0.502935 0.743640 0.485323 0.733855 0.491194 0.714286 0.524462 0.712329 0.508806 0.702544 0.514677 0.692759 0.526419 0.704501 0.544031 0.688845 0.565558 0.696673 0.542074 0.706458 0.555773 0.722114 0.532290 0.724070 0.532290 0.739726 0.544031 0.727984 0.551859 0.735812 0.567515 0.708415 0.579256 0.747554 0.655577 0.716243 0.663405 0.700587
2 0.538160 0.759295 0.530333 0.753425 0.526419 0.757339 0.520548 0.751468 0.524462 0.747554 0.520548 0.743640 0.516634 0.747554 0.520548 0.751468 0.516634 0.755382 0.512720 0.755382 0.506849 0.761252 0.504892 0.761252 0.500978 0.757339 0.497065 0.761252 0.495108 0.765166 0.497065 0.767123 0.491194 0.774951 0.495108 0.778865 0.510763 0.761252 0.520548 0.769080 0.522505 0.769080 0.528376 0.763209 0.532290 0.765166
2 0.551859 0.747554 0.547945 0.751468 0.549902 0.753425 0.547945 0.755382 0.551859 0.759295 0.553816 0.757339 0.555773 0.759295 0.559687 0.755382 0.557730 0.753425 0.559687 0.751468 0.555773 0.747554 0.553816 0.749511
3 0.356164 0.485323 0.352250 0.485323 0.348337 0.489237 0.348337 0.493151 0.352250 0.497065 0.360078 0.489237
3 0.350294 0.463796 0.344423 0.469667 0.348337 0.473581 0.350294 0.473581 0.354207 0.469667 0.354207 0.467710
3 0.240705 0.348337 0.207436 0.430528 0.217221 0.444227 0.320939 0.485323 0.334638 0.469667 0.317025 0.461840 0.334638 0.461840 0.342466 0.448141 0.348337 0.459883 0.360078 0.446184 0.371820 0.473581 0.383562 0.459883 0.401174 0.475538 0.371820 0.489237 0.379648 0.508806 0.442270 0.524462 0.493151 0.553816 0.514677 0.547945 0.547945 0.467710 0.542074 0.457926 0.363992 0.387476 0.334638 0.387476 0.324853 0.371820 0.258317 0.344423
