0 0.538160 0.230920 0.534247 0.234834 0.534247 0.238748 0.538160 0.242661 0.542074 0.242661 0.545988 0.238748 0.545988 0.234834 0.542074 0.230920
0 0.600783 0.225049 0.596869 0.221135 0.592955 0.221135 0.587084 0.227006 0.581213 0.227006 0.577299 0.230920 0.571429 0.230920 0.565558 0.236791 0.557730 0.234834 0.553816 0.238748 0.555773 0.244618 0.553816 0.248532 0.553816 0.258317 0.545988 0.268102 0.549902 0.272016 0.559687 0.272016 0.565558 0.268102 0.571429 0.273973 0.571429 0.277886 0.575342 0.281800 0.579256 0.281800 0.587084 0.273973 0.592955 0.277886 0.596869 0.277886 0.600783 0.273973 0.598826 0.268102 0.604697 0.260274 0.604697 0.256360 0.598826 0.252446 0.592955 0.244618 0.598826 0.238748 0.596869 0.232877 0.600783 0.228963
0 0.606654 0.187867 0.602740 0.191781 0.602740 0.195695 0.606654 0.199609 0.610568 0.199609 0.614481 0.195695 0.614481 0.191781 0.610568 0.187867
1 0.718200 0.195695 0.690802 0.485323 0.700587 0.504892 0.688845 0.514677 0.684932 0.561644 0.694716 0.577299 0.682975 0.589041 0.710372 0.596869 0.735812 0.587084 0.743640 0.600783 0.800391 0.604697 0.814090 0.583170 0.819961 0.475538 0.802348 0.467710 0.821918 0.452055 0.814090 0.426614 0.825832 0.412916 0.839530 0.207436
2 0.393346 0.716243 0.387476 0.722114 0.393346 0.727984 0.397260 0.724070 0.397260 0.720157
2 0.342466 0.679061 0.336595 0.684932 0.336595 0.688845 0.344423 0.694716 0.348337 0.692759 0.352250 0.696673 0.346380 0.704501 0.350294 0.708415 0.354207 0.708415 0.358121 0.704501 0.358121 0.702544 0.352250 0.696673 0.352250 0.694716 0.358121 0.688845 0.369863 0.700587 0.369863 0.702544 0.363992 0.708415 0.365949 0.710372 0.363992 0.712329 0.367906 0.716243 0.375734 0.710372 0.373777 0.708415 0.381605 0.700587 0.381605 0.698630 0.360078 0.679061 0.358121 0.681018 0.356164 0.679061 0.352250 0.682975 0.346380 0.679061
2 0.168297 0.671233 0.166341 0.792564 0.258317 0.800391 0.258317 0.780822 0.275930 0.776908 0.258317 0.757339 0.287671 0.737769 0.273973 0.802348 0.561644 0.812133 0.563601 0.692759 0.469667 0.686888 0.459883 0.698630 0.420744 0.682975 0.410959 0.696673 0.399217 0.684932 0.395303 0.708415 0.407045 0.696673 0.428571 0.712329 0.409002 0.716243 0.410959 0.739726 0.375734 0.769080 0.395303 0.743640 0.365949 0.745597 0.305284 0.675147
3 0.309198 0.183953 0.215264 0.270059 0.358121 0.434442 0.397260 0.452055 0.387476 0.467710 0.424658 0.502935 0.442270 0.493151 0.403131 0.459883 0.436399 0.442270 0.448141 0.457926 0.467710 0.454012 0.461840 0.434442 0.455969 0.452055 0.444227 0.442270 0.452055 0.420744 0.434442 0.442270 0.397260 0.436399 0.448141 0.409002 0.422701 0.409002 0.426614 0.393346 0.409002 0.389432 0.418787 0.369863 0.459883 0.395303 0.444227 0.379648 0.448141 0.363992 0.430528 0.356164 0.446184 0.342466 0.424658 0.340509 0.436399 0.328767 0.389432 0.287671
3 0.467710 0.367906 0.461840 0.383562 0.479452 0.393346 0.469667 0.403131 0.475538 0.410959 0.467710 0.428571 0.473581 0.432485 0.481409 0.416830 0.504892 0.436399 0.508806 0.450098 0.481409 0.444227 0.483366 0.457926 0.473581 0.469667 0.479452 0.477495 0.471624 0.485323 0.465753 0.465753 0.454012 0.487280 0.463796 0.497065 0.459883 0.502935 0.473581 0.508806 0.469667 0.516634 0.485323 0.526419 0.481409 0.532290 0.463796 0.530333 0.457926 0.510763 0.434442 0.518591 0.455969 0.528376 0.452055 0.542074 0.477495 0.565558 0.569472 0.485323 0.508806 0.414873 0.485323 0.410959 0.499022 0.399217
3 0.420744 0.471624 0.426614 0.477495 0.434442 0.467710 0.442270 0.473581 0.446184 0.469667 0.446184 0.467710 0.438356 0.461840 0.434442 0.463796 0.430528 0.459883 0.428571 0.459883 0.424658 0.463796 0.426614 0.465753
