0 0.716243 0.540117 0.710372 0.545988 0.714286 0.551859 0.718200 0.551859 0.724070 0.545988 0.735812 0.557730 0.733855 0.559687 0.733855 0.575342 0.727984 0.581213 0.727984 0.585127 0.731898 0.589041 0.733855 0.587084 0.735812 0.589041 0.739726 0.585127 0.747554 0.596869 0.761252 0.602740 0.765166 0.598826 0.763209 0.590998 0.769080 0.585127 0.767123 0.579256 0.772994 0.573386 0.778865 0.573386 0.782779 0.569472 0.782779 0.565558 0.774951 0.557730 0.774951 0.553816 0.771037 0.549902 0.759295 0.553816 0.747554 0.540117 0.741683 0.545988 0.731898 0.542074 0.726027 0.547945
0 0.792564 0.512720 0.788650 0.516634 0.788650 0.520548 0.792564 0.524462 0.796477 0.524462 0.800391 0.520548 0.800391 0.516634 0.796477 0.512720
0 0.731898 0.608611 0.727984 0.612524 0.727984 0.616438 0.731898 0.620352 0.735812 0.620352 0.739726 0.616438 0.739726 0.612524 0.735812 0.608611
1 0.405088 0.690802 0.401174 0.778865 0.432485 0.771037 0.450098 0.784736 0.418787 0.800391 0.403131 0.790607 0.409002 0.816047 0.455969 0.818004 0.473581 0.800391 0.450098 0.786693 0.473581 0.776908 0.463796 0.788650 0.481409 0.792564 0.489237 0.774951 0.532290 0.798434 0.551859 0.784736 0.545988 0.810176 0.522505 0.812133 0.547945 0.825832 0.800391 0.833659 0.800391 0.710372
1 0.487280 0.794521 0.487280 0.798434 0.491194 0.802348 0.499022 0.794521 0.508806 0.804305 0.510763 0.804305 0.514677 0.800391 0.506849 0.792564 0.502935 0.796477 0.500978 0.796477 0.495108 0.790607 0.491194 0.790607
1 0.477495 0.808219 0.471624 0.814090 0.475538 0.818004 0.477495 0.818004 0.481409 0.814090 0.481409 0.812133
2 0.326810 0.168297 0.201566 0.166341 0.195695 0.242661 0.219178 0.256360 0.193738 0.272016 0.181996 0.563601 0.264188 0.557730 0.244618 0.544031 0.256360 0.522505 0.228963 0.522505 0.250489 0.455969 0.221135 0.473581 0.205479 0.457926 0.236791 0.432485 0.262231 0.442270 0.207436 0.385519 0.236791 0.373777 0.193738 0.332681 0.270059 0.277886 0.258317 0.301370 0.281800 0.326810 0.240705 0.358121 0.262231 0.334638 0.277886 0.352250 0.240705 0.399217 0.297456 0.385519 0.285714 0.430528 0.317025 0.403131
2 0.299413 0.436399 0.297456 0.436399 0.291585 0.444227 0.293542 0.454012 0.297456 0.457926 0.297456 0.459883 0.283757 0.471624 0.279843 0.469667 0.275930 0.473581 0.275930 0.475538 0.283757 0.481409 0.291585 0.473581 0.293542 0.473581 0.301370 0.481409 0.305284 0.481409 0.309198 0.477495 0.309198 0.475538 0.305284 0.471624 0.309198 0.467710 0.307241 0.465753 0.309198 0.463796 0.303327 0.457926 0.305284 0.455969 0.303327 0.454012 0.305284 0.452055 0.305284 0.448141 0.303327 0.446184 0.303327 0.440313
2 0.309198 0.495108 0.305284 0.491194 0.301370 0.491194 0.293542 0.483366 0.291585 0.483366 0.285714 0.491194 0.287671 0.493151 0.283757 0.497065 0.281800 0.495108 0.277886 0.499022 0.279843 0.506849 0.273973 0.512720 0.273973 0.516634 0.277886 0.520548 0.279843 0.520548 0.283757 0.516634 0.281800 0.514677 0.283757 0.512720 0.281800 0.508806 0.287671 0.502935 0.293542 0.500978 0.297456 0.497065 0.303327 0.502935
3 0.731898 0.213307 0.551859 0.373777 0.551859 0.395303 0.583170 0.395303 0.551859 0.416830 0.526419 0.393346 0.432485 0.477495 0.512720 0.571429 0.571429 0.522505 0.569472 0.500978 0.612524 0.487280 0.545988 0.477495 0.567515 0.410959 0.581213 0.428571 0.587084 0.395303 0.614481 0.409002 0.657534 0.346380 0.657534 0.375734 0.628180 0.405088 0.665362 0.405088 0.681018 0.426614 0.692759 0.416830 0.671233 0.391389 0.700587 0.410959 0.816047 0.309198
3 0.614481 0.457926 0.614481 0.461840 0.618395 0.465753 0.624266 0.459883 0.628180 0.463796 0.632094 0.459883 0.628180 0.455969 0.624266 0.459883 0.618395 0.454012
3 0.573386 0.465753 0.567515 0.471624 0.573386 0.477495 0.575342 0.477495 0.579256 0.473581
