0 0.420744 0.755382 0.416830 0.759295 0.416830 0.763209 0.420744 0.767123 0.424658 0.767123 0.428571 0.763209 0.428571 0.759295 0.424658 0.755382
0 0.407045 0.684932 0.403131 0.684932 0.395303 0.692759 0.391389 0.688845 0.387476 0.688845 0.383562 0.692759 0.381605 0.706458 0.377691 0.710372 0.377691 0.714286 0.381605 0.718200 0.379648 0.724070 0.383562 0.727984 0.383562 0.731898 0.379648 0.735812 0.385519 0.741683 0.383562 0.743640 0.395303 0.755382 0.399217 0.755382 0.407045 0.747554 0.412916 0.751468 0.416830 0.751468 0.426614 0.745597 0.434442 0.747554 0.438356 0.743640 0.436399 0.741683 0.440313 0.735812 0.440313 0.731898 0.436399 0.727984 0.430528 0.727984 0.426614 0.724070 0.426614 0.716243 0.434442 0.708415 0.434442 0.704501 0.430528 0.700587 0.428571 0.702544 0.418787 0.694716 0.414873 0.694716
0 0.409002 0.659491 0.405088 0.663405 0.405088 0.665362 0.410959 0.671233 0.412916 0.671233 0.416830 0.667319 0.416830 0.663405 0.412916 0.659491 0.410959 0.661448
1 0.262231 0.634051 0.258317 0.637965 0.260274 0.639922 0.258317 0.641879 0.268102 0.651663 0.272016 0.651663 0.275930 0.647750 0.273973 0.645793 0.275930 0.643836 0.272016 0.639922 0.268102 0.639922
1 0.248532 0.616438 0.244618 0.620352 0.246575 0.622309 0.244618 0.624266 0.248532 0.628180 0.252446 0.628180 0.256360 0.624266
1 0.230920 0.373777 0.195695 0.534247 0.221135 0.569472 0.191781 0.563601 0.180039 0.626223 0.201566 0.634051 0.176125 0.645793 0.162427 0.718200 0.270059 0.753425 0.295499 0.641879 0.258317 0.706458 0.227006 0.610568 0.252446 0.567515 0.223092 0.569472 0.236791 0.545988 0.215264 0.499022 0.268102 0.455969 0.236791 0.502935 0.287671 0.500978 0.289628 0.532290 0.254403 0.551859 0.293542 0.549902 0.283757 0.592955 0.262231 0.577299 0.281800 0.632094 0.299413 0.612524 0.281800 0.596869 0.309198 0.587084 0.342466 0.399217
2 0.741683 0.260274 0.733855 0.270059 0.741683 0.277886 0.745597 0.273973 0.745597 0.270059 0.747554 0.268102 0.747554 0.266145
2 0.753425 0.252446 0.749511 0.256360 0.749511 0.258317 0.753425 0.262231 0.757339 0.262231 0.761252 0.258317 0.771037 0.268102 0.771037 0.273973 0.774951 0.277886 0.774951 0.283757 0.776908 0.287671 0.784736 0.295499 0.788650 0.291585 0.786693 0.289628 0.788650 0.287671 0.786693 0.285714 0.786693 0.281800 0.780822 0.275930 0.782779 0.272016 0.778865 0.268102 0.784736 0.262231 0.778865 0.256360 0.767123 0.254403 0.763209 0.258317 0.757339 0.252446 0.755382 0.254403
2 0.473581 0.215264 0.461840 0.318982 0.819961 0.379648 0.835616 0.268102 0.825832 0.287671 0.794521 0.262231 0.788650 0.305284 0.761252 0.291585 0.716243 0.332681 0.698630 0.320939 0.714286 0.307241 0.675147 0.313112 0.682975 0.334638 0.665362 0.340509 0.677104 0.289628 0.714286 0.293542 0.688845 0.268102 0.718200 0.266145 0.735812 0.291585 0.712329 0.244618 0.634051 0.228963 0.618395 0.246575 0.610568 0.227006 0.485323 0.201566
3 0.530333 0.440313 0.434442 0.508806 0.506849 0.610568 0.528376 0.600783 0.579256 0.626223 0.559687 0.602740 0.577299 0.590998 0.600783 0.610568 0.583170 0.637965 0.616438 0.641879 0.581213 0.655577 0.598826 0.669276 0.581213 0.684932 0.590998 0.694716 0.565558 0.694716 0.641879 0.808219 0.733855 0.739726
3 0.575342 0.671233 0.569472 0.665362 0.571429 0.663405 0.567515 0.659491 0.565558 0.659491 0.557730 0.669276 0.555773 0.667319 0.551859 0.667319 0.547945 0.671233 0.551859 0.675147 0.555773 0.675147 0.561644 0.669276 0.565558 0.673190 0.563601 0.675147 0.567515 0.679061 0.569472 0.679061
3 0.526419 0.622309 0.520548 0.624266 0.516634 0.628180 0.522505 0.636008 0.524462 0.636008 0.532290 0.628180
