0 0.716243 0.639922 0.712329 0.643836 0.712329 0.647750 0.716243 0.651663 0.720157 0.651663 0.724070 0.647750 0.724070 0.643836 0.720157 0.639922
0 0.692759 0.579256 0.688845 0.583170 0.688845 0.587084 0.679061 0.594912 0.679061 0.598826 0.690802 0.608611 0.690802 0.614481 0.686888 0.618395 0.686888 0.622309 0.688845 0.626223 0.698630 0.634051 0.712329 0.636008 0.720157 0.624266 0.720157 0.620352 0.716243 0.616438 0.731898 0.602740 0.731898 0.598826 0.727984 0.594912 0.724070 0.594912 0.722114 0.596869 0.718200 0.592955 0.716243 0.585127 0.712329 0.581213 0.708415 0.581213 0.702544 0.585127 0.698630 0.581213
0 0.681018 0.542074 0.677104 0.545988 0.677104 0.549902 0.681018 0.553816 0.684932 0.553816 0.688845 0.549902 0.688845 0.545988 0.684932 0.542074
1 0.385519 0.651663 0.362035 0.741683 0.369863 0.757339 0.448141 0.776908 0.467710 0.769080 0.495108 0.788650 0.542074 0.800391 0.551859 0.790607 0.563601 0.806262 0.575342 0.790607 0.583170 0.810176 0.704501 0.835616 0.727984 0.753425 0.724070 0.727984 0.409002 0.647750
2 0.318982 0.166341 0.289628 0.191781 0.277886 0.250489 0.295499 0.260274 0.268102 0.279843 0.213307 0.497065 0.313112 0.530333 0.371820 0.340509 0.350294 0.317025 0.322896 0.330724 0.330724 0.293542 0.369863 0.272016 0.367906 0.293542 0.385519 0.285714 0.409002 0.191781 0.354207 0.180039 0.385519 0.215264 0.362035 0.217221 0.373777 0.248532 0.342466 0.275930 0.330724 0.258317 0.344423 0.254403 0.315068 0.260274 0.289628 0.232877 0.313112 0.205479 0.295499 0.199609 0.303327 0.185910 0.330724 0.207436 0.334638 0.191781 0.350294 0.199609
2 0.318982 0.221135 0.309198 0.230920 0.315068 0.236791 0.317025 0.234834 0.322896 0.240705 0.326810 0.236791 0.320939 0.230920 0.322896 0.228963 0.320939 0.227006 0.322896 0.225049
2 0.369863 0.305284 0.363992 0.313112 0.373777 0.322896 0.377691 0.318982 0.373777 0.313112 0.375734 0.311155
3 0.677104 0.446184 0.657534 0.442270 0.667319 0.434442 0.649706 0.434442 0.636008 0.414873 0.634051 0.434442 0.590998 0.438356 0.604697 0.455969 0.589041 0.475538 0.587084 0.446184 0.559687 0.436399 0.596869 0.428571 0.602740 0.412916 0.616438 0.426614 0.628180 0.416830 0.602740 0.401174 0.596869 0.418787 0.575342 0.412916 0.606654 0.389432 0.600783 0.385519 0.542074 0.409002 0.446184 0.471624 0.502935 0.565558 0.618395 0.499022 0.632094 0.477495 0.645793 0.481409 0.675147 0.463796
3 0.751468 0.295499 0.741683 0.291585 0.729941 0.297456 0.722114 0.313112 0.712329 0.309198 0.700587 0.322896 0.696673 0.338552 0.704501 0.346380 0.698630 0.352250 0.708415 0.350294 0.702544 0.344423 0.712329 0.336595 0.739726 0.363992 0.729941 0.373777 0.722114 0.358121 0.708415 0.367906 0.692759 0.358121 0.686888 0.363992 0.718200 0.381605 0.706458 0.397260 0.690802 0.403131 0.694716 0.410959 0.706458 0.409002 0.716243 0.395303 0.724070 0.403131 0.724070 0.383562 0.731898 0.373777 0.747554 0.387476 0.747554 0.399217 0.755382 0.395303 0.745597 0.385519 0.749511 0.379648 0.765166 0.393346 0.759295 0.399217 0.763209 0.407045 0.776908 0.395303 0.771037 0.387476 0.776908 0.381605 0.788650 0.385519 0.782779 0.391389 0.786693 0.397260 0.804305 0.383562
3 0.741683 0.418787 0.737769 0.414873 0.735812 0.416830 0.733855 0.414873 0.729941 0.418787 0.722114 0.409002 0.716243 0.414873 0.712329 0.410959 0.706458 0.416830 0.700587 0.416830 0.692759 0.420744 0.688845 0.418787 0.684932 0.422701 0.679061 0.416830 0.675147 0.420744 0.677104 0.424658 0.671233 0.430528 0.677104 0.438356 0.681018 0.438356 0.686888 0.444227 0.682975 0.450098 0.690802 0.455969 0.694716 0.452055 0.692759 0.450098 0.698630 0.444227 0.702544 0.446184 0.708415 0.440313 0.706458 0.436399 0.710372 0.432485 0.704501 0.426614 0.708415 0.420744 0.716243 0.428571 0.726027 0.418787 0.735812 0.428571 0.741683 0.422701
