0 0.724070 0.653620 0.720157 0.657534 0.720157 0.661448 0.724070 0.665362 0.727984 0.665362 0.731898 0.661448 0.731898 0.657534 0.727984 0.653620
0 0.655577 0.634051 0.651663 0.637965 0.651663 0.641879 0.655577 0.645793 0.657534 0.643836 0.659491 0.645793 0.663405 0.641879 0.663405 0.637965 0.659491 0.634051 0.657534 0.636008
0 0.681018 0.571429 0.677104 0.575342 0.679061 0.581213 0.669276 0.589041 0.669276 0.592955 0.665362 0.596869 0.665362 0.600783 0.671233 0.606654 0.671233 0.612524 0.677104 0.618395 0.673190 0.622309 0.673190 0.626223 0.677104 0.630137 0.681018 0.628180 0.690802 0.634051 0.694716 0.634051 0.702544 0.626223 0.708415 0.632094 0.712329 0.632094 0.726027 0.618395 0.720157 0.600783 0.722114 0.592955 0.714286 0.585127 0.718200 0.581213 0.718200 0.577299 0.714286 0.573386 0.710372 0.573386 0.706458 0.577299 0.706458 0.583170 0.700587 0.587084 0.688845 0.573386
1 0.360078 0.747554 0.512720 0.792564 0.534247 0.782779 0.532290 0.794521 0.540117 0.798434 0.547945 0.784736 0.538160 0.772994 0.551859 0.761252 0.530333 0.743640 0.538160 0.733855 0.555773 0.741683 0.579256 0.726027 0.608611 0.739726 0.614481 0.733855 0.604697 0.727984 0.624266 0.716243 0.641879 0.726027 0.651663 0.720157 0.628180 0.704501 0.610568 0.712329 0.598826 0.696673 0.389432 0.639922
1 0.710372 0.784736 0.706458 0.780822 0.696673 0.790607 0.698630 0.798434 0.688845 0.806262 0.682975 0.798434 0.690802 0.790607 0.682975 0.784736 0.659491 0.810176 0.663405 0.816047 0.659491 0.819961 0.649706 0.812133 0.653620 0.808219 0.641879 0.800391 0.636008 0.804305 0.630137 0.800391 0.620352 0.812133 0.614481 0.806262 0.600783 0.808219 0.592955 0.800391 0.602740 0.792564 0.598826 0.784736 0.592955 0.788650 0.590998 0.800391 0.577299 0.798434 0.573386 0.804305 0.579256 0.810176 0.590998 0.812133 0.596869 0.808219 0.604697 0.816047 0.630137 0.819961 0.637965 0.825832 0.643836 0.819961 0.661448 0.833659 0.669276 0.831703 0.694716 0.839530 0.698630 0.835616 0.696673 0.819961 0.706458 0.802348 0.702544 0.798434
1 0.655577 0.720157 0.661448 0.729941 0.649706 0.741683 0.649706 0.745597 0.657534 0.749511 0.667319 0.737769 0.675147 0.733855 0.682975 0.741683 0.673190 0.753425 0.688845 0.769080 0.684932 0.774951 0.688845 0.780822 0.692759 0.776908 0.688845 0.769080 0.696673 0.755382 0.702544 0.755382 0.712329 0.763209 0.718200 0.759295 0.716243 0.757339 0.720157 0.749511 0.714286 0.743640 0.720157 0.737769 0.720157 0.733855 0.716243 0.729941 0.714286 0.731898 0.708415 0.726027 0.702544 0.729941 0.690802 0.724070 0.679061 0.735812 0.673190 0.729941 0.677104 0.724070 0.673190 0.718200 0.667319 0.722114 0.659491 0.716243
2 0.318982 0.162427 0.293542 0.225049 0.322896 0.252446 0.301370 0.262231 0.330724 0.277886 0.322896 0.262231 0.350294 0.248532 0.356164 0.273973 0.336595 0.301370 0.367906 0.324853 0.344423 0.344423 0.338552 0.317025 0.320939 0.309198 0.299413 0.338552 0.324853 0.318982 0.332681 0.328767 0.305284 0.352250 0.285714 0.334638 0.258317 0.338552 0.217221 0.491194 0.317025 0.526419 0.416830 0.193738
2 0.275930 0.285714 0.272016 0.289628 0.273973 0.293542 0.277886 0.297456 0.279843 0.297456 0.283757 0.293542 0.283757 0.291585
2 0.324853 0.289628 0.322896 0.291585 0.320939 0.289628 0.317025 0.293542 0.318982 0.295499 0.317025 0.297456 0.320939 0.301370 0.328767 0.293542
3 0.747554 0.299413 0.446184 0.467710 0.499022 0.561644 0.802348 0.395303
