0 0.469667 0.258317 0.467710 0.268102 0.477495 0.277886 0.475538 0.285714 0.479452 0.289628 0.489237 0.291585 0.493151 0.287671 0.497065 0.287671 0.504892 0.295499 0.508806 0.295499 0.510763 0.293542 0.518591 0.293542 0.530333 0.279843 0.526419 0.272016 0.520548 0.266145 0.520548 0.262231 0.510763 0.250489 0.508806 0.252446 0.499022 0.250489 0.487280 0.260274 0.485323 0.260274 0.479452 0.254403 0.473581 0.254403
0 0.455969 0.228963 0.452055 0.232877 0.452055 0.236791 0.455969 0.240705 0.459883 0.240705 0.463796 0.236791 0.463796 0.232877 0.459883 0.228963
0 0.475538 0.317025 0.471624 0.320939 0.471624 0.324853 0.475538 0.328767 0.479452 0.328767 0.483366 0.324853 0.483366 0.320939 0.479452 0.317025 0.477495 0.318982
1 0.702544 0.162427 0.614481 0.180039 0.598826 0.193738 0.663405 0.463796 0.675147 0.471624 0.671233 0.499022 0.679061 0.514677 0.692759 0.497065 0.704501 0.512720 0.682975 0.518591 0.682975 0.532290 0.790607 0.504892 0.751468 0.334638 0.731898 0.340509 0.726027 0.315068 0.696673 0.307241 0.684932 0.287671 0.724070 0.225049 0.704501 0.217221 0.720157 0.203523 0.702544 0.189824 0.716243 0.181996
1 0.727984 0.260274 0.724070 0.264188 0.724070 0.266145 0.727984 0.270059 0.726027 0.272016 0.727984 0.273973 0.726027 0.275930 0.729941 0.279843 0.731898 0.277886 0.733855 0.279843 0.737769 0.275930 0.731898 0.270059 0.733855 0.268102 0.733855 0.264188 0.729941 0.260274
1 0.737769 0.297456 0.729941 0.303327 0.729941 0.305284 0.733855 0.309198 0.735812 0.309198 0.741683 0.301370
2 0.446184 0.726027 0.442270 0.729941 0.446184 0.733855 0.450098 0.729941
2 0.434442 0.688845 0.430528 0.688845 0.422701 0.696673 0.422701 0.698630 0.430528 0.706458 0.422701 0.716243 0.422701 0.718200 0.426614 0.722114 0.428571 0.722114 0.438356 0.712329 0.438356 0.708415 0.432485 0.702544 0.432485 0.700587 0.438356 0.692759
2 0.608611 0.649706 0.455969 0.682975 0.454012 0.698630 0.463796 0.684932 0.473581 0.698630 0.514677 0.698630 0.499022 0.712329 0.528376 0.718200 0.504892 0.729941 0.487280 0.702544 0.485323 0.753425 0.465753 0.757339 0.459883 0.733855 0.426614 0.763209 0.416830 0.749511 0.430528 0.753425 0.436399 0.737769 0.418787 0.733855 0.407045 0.696673 0.272016 0.726027 0.289628 0.833659 0.606654 0.763209 0.608611 0.747554 0.630137 0.753425
3 0.252446 0.287671 0.197652 0.379648 0.428571 0.522505 0.440313 0.514677 0.450098 0.534247 0.499022 0.563601 0.557730 0.467710 0.262231 0.283757
