0 0.767123 0.618395 0.765166 0.618395 0.759295 0.624266 0.759295 0.626223 0.763209 0.630137 0.767123 0.630137 0.771037 0.626223 0.769080 0.624266 0.771037 0.622309
0 0.753425 0.530333 0.747554 0.536204 0.751468 0.542074 0.741683 0.549902 0.727984 0.569472 0.718200 0.563601 0.714286 0.571429 0.722114 0.575342 0.729941 0.567515 0.733855 0.571429 0.729941 0.579256 0.733855 0.583170 0.745597 0.581213 0.759295 0.594912 0.755382 0.604697 0.763209 0.608611 0.767123 0.600783 0.761252 0.592955 0.769080 0.585127 0.772994 0.589041 0.784736 0.590998 0.792564 0.579256 0.790607 0.567515 0.800391 0.559687 0.800391 0.555773 0.790607 0.544031 0.780822 0.547945 0.776908 0.544031 0.778865 0.540117 0.772994 0.534247 0.763209 0.540117
0 0.702544 0.526419 0.698630 0.530333 0.698630 0.534247 0.702544 0.538160 0.706458 0.538160 0.710372 0.534247 0.710372 0.530333 0.706458 0.526419
1 0.596869 0.786693 0.592955 0.786693 0.589041 0.790607 0.589041 0.792564 0.592955 0.796477 0.594912 0.796477 0.600783 0.790607
1 0.520548 0.778865 0.516634 0.782779 0.522505 0.788650 0.526419 0.784736
1 0.407045 0.704501 0.418787 0.827789 0.479452 0.823875 0.450098 0.792564 0.477495 0.796477 0.489237 0.767123 0.448141 0.782779 0.475538 0.751468 0.542074 0.765166 0.551859 0.741683 0.551859 0.778865 0.567515 0.753425 0.614481 0.771037 0.628180 0.751468 0.632094 0.804305 0.577299 0.823875 0.571429 0.794521 0.561644 0.814090 0.504892 0.812133 0.499022 0.780822 0.495108 0.814090 0.526419 0.831703 0.821918 0.833659 0.818004 0.706458 0.618395 0.700587 0.602740 0.722114 0.579256 0.698630
2 0.187867 0.164384 0.168297 0.573386 0.297456 0.581213 0.305284 0.383562 0.277886 0.379648 0.299413 0.389432 0.272016 0.428571 0.273973 0.393346 0.236791 0.369863 0.272016 0.360078 0.244618 0.352250 0.262231 0.332681 0.230920 0.332681 0.225049 0.305284 0.250489 0.297456 0.227006 0.295499 0.262231 0.242661 0.264188 0.262231 0.277886 0.244618 0.279843 0.266145 0.299413 0.260274 0.268102 0.332681 0.309198 0.295499 0.313112 0.176125
2 0.307241 0.365949 0.305284 0.363992 0.307241 0.362035 0.303327 0.358121 0.307241 0.352250 0.305284 0.350294 0.305284 0.346380 0.301370 0.342466 0.305284 0.338552 0.301370 0.334638 0.297456 0.338552 0.301370 0.342466 0.297456 0.346380 0.291585 0.342466 0.285714 0.348337 0.279843 0.342466 0.273973 0.348337 0.272016 0.348337 0.266145 0.342466 0.258317 0.350294 0.262231 0.354207 0.268102 0.348337 0.270059 0.348337 0.275930 0.354207 0.277886 0.352250 0.279843 0.354207 0.281800 0.352250 0.289628 0.360078 0.285714 0.365949 0.289628 0.369863 0.291585 0.367906 0.295499 0.371820 0.303327 0.369863
2 0.303327 0.313112 0.299413 0.313112 0.287671 0.326810 0.291585 0.330724 0.293542 0.330724 0.299413 0.324853 0.301370 0.326810 0.305284 0.322896 0.303327 0.320939 0.307241 0.317025
3 0.729941 0.193738 0.628180 0.287671 0.651663 0.311155 0.667319 0.285714 0.696673 0.285714 0.620352 0.346380 0.653620 0.362035 0.647750 0.379648 0.598826 0.393346 0.585127 0.412916 0.567515 0.377691 0.551859 0.377691 0.573386 0.393346 0.559687 0.403131 0.538160 0.373777 0.430528 0.475538 0.514677 0.573386 0.571429 0.520548 0.565558 0.499022 0.594912 0.502935 0.816047 0.291585
3 0.626223 0.367906 0.622309 0.363992 0.620352 0.363992 0.616438 0.367906 0.618395 0.369863 0.612524 0.375734 0.608611 0.377691 0.604697 0.373777 0.596869 0.381605 0.592955 0.379648 0.589041 0.383562 0.589041 0.385519 0.592955 0.389432 0.600783 0.381605 0.608611 0.385519 0.610568 0.385519 0.616438 0.379648 0.620352 0.381605 0.624266 0.377691 0.622309 0.373777 0.626223 0.369863
3 0.616438 0.297456 0.612524 0.301370 0.612524 0.305284 0.604697 0.315068 0.608611 0.318982 0.624266 0.303327
