0 0.487280 0.745597 0.483366 0.749511 0.483366 0.751468 0.491194 0.759295 0.491194 0.765166 0.495108 0.769080 0.499022 0.769080 0.502935 0.765166 0.502935 0.761252 0.495108 0.753425 0.495108 0.749511 0.491194 0.745597
0 0.487280 0.724070 0.487280 0.727984 0.491194 0.731898 0.495108 0.731898 0.497065 0.729941 0.502935 0.735812 0.502935 0.739726 0.506849 0.743640 0.510763 0.743640 0.516634 0.737769 0.518591 0.737769 0.522505 0.741683 0.526419 0.739726 0.532290 0.745597 0.534247 0.745597 0.538160 0.741683 0.538160 0.737769 0.536204 0.735812 0.544031 0.727984 0.542074 0.726027 0.544031 0.724070 0.540117 0.720157 0.536204 0.720157 0.532290 0.716243 0.532290 0.712329 0.528376 0.708415 0.520548 0.708415 0.512720 0.702544 0.506849 0.702544
0 0.540117 0.681018 0.536204 0.684932 0.536204 0.688845 0.540117 0.692759 0.544031 0.692759 0.547945 0.688845 0.547945 0.684932 0.544031 0.681018
1 0.318982 0.481409 0.225049 0.508806 0.221135 0.526419 0.264188 0.661448 0.281800 0.669276 0.270059 0.681018 0.313112 0.823875 0.336595 0.837573 0.424658 0.800391 0.363992 0.612524 0.342466 0.622309 0.332681 0.651663 0.328767 0.624266 0.311155 0.630137 0.324853 0.641879 0.311155 0.673190 0.270059 0.649706 0.303327 0.624266 0.297456 0.610568 0.289628 0.626223 0.266145 0.622309 0.283757 0.590998 0.266145 0.577299 0.281800 0.526419 0.266145 0.514677 0.279843 0.502935 0.317025 0.526419 0.332681 0.504892
1 0.307241 0.563601 0.311155 0.567515 0.313112 0.565558 0.315068 0.567515 0.318982 0.563601 0.320939 0.565558 0.324853 0.565558 0.328767 0.561644 0.328767 0.557730 0.332681 0.553816 0.338552 0.559687 0.336595 0.563601 0.328767 0.571429 0.332681 0.575342 0.334638 0.575342 0.340509 0.569472 0.346380 0.569472 0.350294 0.565558 0.348337 0.561644 0.348337 0.555773 0.344423 0.551859 0.340509 0.551859 0.336595 0.555773 0.334638 0.555773 0.326810 0.545988 0.322896 0.547945
1 0.336595 0.522505 0.332681 0.518591 0.326810 0.526419 0.328767 0.528376 0.320939 0.536204 0.318982 0.536204 0.313112 0.530333 0.307241 0.536204 0.307241 0.540117 0.311155 0.544031 0.313112 0.544031 0.320939 0.536204 0.326810 0.542074 0.328767 0.542074 0.334638 0.536204 0.332681 0.530333 0.336595 0.526419
2 0.681018 0.166341 0.358121 0.258317 0.381605 0.363992 0.459883 0.344423 0.481409 0.318982 0.489237 0.336595 0.489237 0.305284 0.508806 0.299413 0.506849 0.279843 0.536204 0.307241 0.544031 0.287671 0.518591 0.277886 0.536204 0.264188 0.557730 0.270059 0.571429 0.309198 0.585127 0.275930 0.561644 0.279843 0.565558 0.254403 0.590998 0.266145 0.594912 0.285714 0.622309 0.262231 0.649706 0.283757 0.706458 0.268102
2 0.639922 0.283757 0.636008 0.279843 0.630137 0.285714 0.626223 0.281800 0.622309 0.285714 0.622309 0.287671 0.628180 0.293542
2 0.604697 0.289628 0.600783 0.293542 0.600783 0.295499 0.604697 0.299413 0.608611 0.295499 0.608611 0.293542
3 0.647750 0.571429 0.643836 0.575342 0.651663 0.583170 0.655577 0.579256 0.653620 0.575342 0.649706 0.571429
3 0.657534 0.549902 0.655577 0.549902 0.649706 0.557730 0.653620 0.561644 0.655577 0.559687 0.657534 0.561644 0.661448 0.557730 0.661448 0.553816
3 0.493151 0.444227 0.450098 0.538160 0.581213 0.608611 0.596869 0.592955 0.596869 0.616438 0.741683 0.692759 0.755382 0.686888 0.794521 0.592955 0.677104 0.532290 0.682975 0.549902 0.665362 0.577299 0.681018 0.592955 0.665362 0.606654 0.647750 0.590998 0.628180 0.598826 0.641879 0.585127 0.628180 0.573386 0.643836 0.538160 0.630137 0.534247 0.618395 0.557730 0.610568 0.545988 0.639922 0.514677
