0 0.417816 0.350868 0.0718594 0.0951979 0.904627
0 0.26572 0.509783 0.0681721 0.0471439 0.879141
1 0.486128 0.494192 0.127969 0.110072 0.788859
1 0.684534 0.711451 0.291935 0.273168 0.452744
1 0.63859 0.310569 0.355866 0.341306 0.444657
0 0.396926 0.526611 0.0363704 0.0474436 0.352919
0 0.485456 0.49397 0.132313 0.111708 0.323164
1 0.659425 0.766953 0.245745 0.157617 0.198963
0 0.328362 0.466069 0.0366563 0.047166 0.154227
2 0.264167 0.510443 0.0665637 0.0486508 0.131504
1 0.416977 0.353449 0.0819998 0.10311 0.124513
0 0.624814 0.491183 0.131242 0.12601 0.12412
