1 0.388047 0.527601 0.134124 0.132129 0.862425
2 0.235921 0.514164 0.157537 0.0930375 0.773115
0 0.369648 0.361333 0.0728316 0.0986391 0.724135
1 0.710797 0.393474 0.188064 0.198801 0.681867
1 0.705127 0.701258 0.247117 0.357223 0.653763
2 0.536073 0.237583 0.194526 0.183152 0.5027
2 0.581429 0.808051 0.165061 0.154958 0.314082
1 0.236642 0.52355 0.156059 0.113216 0.265145
0 0.578397 0.514728 0.0986853 0.109442 0.245004
1 0.538088 0.250441 0.197805 0.211171 0.206511
1 0.628121 0.808582 0.254692 0.152398 0.185501
0 0.472264 0.518139 0.0901484 0.0894656 0.164376
