1 0.532867 0.555192 0.174134 0.410396 0.917092
0 0.390156 0.540496 0.0677815 0.0676957 0.890458
1 0.677508 0.27901 0.11678 0.150793 0.872142
2 0.324881 0.29953 0.175293 0.159296 0.81455
1 0.797776 0.503925 0.155982 0.233877 0.757886
0 0.397972 0.636109 0.0420166 0.0564682 0.629101
0 0.796939 0.372773 0.0372692 0.0443149 0.527779
2 0.797105 0.503469 0.157101 0.229055 0.400889
0 0.768324 0.416826 0.0878496 0.0616443 0.274194
1 0.416134 0.280402 0.361637 0.191954 0.226936
0 0.681617 0.271006 0.119448 0.144471 0.194747
2 0.417988 0.282442 0.363532 0.188367 0.126429
2 0.794625 0.375795 0.0419377 0.0452486 0.1171
0 0.42596 0.215001 0.0717354 0.0626086 0.104651
