0 0.385813 0.53668 0.0765731 0.071398 0.983641
1 0.52608 0.545724 0.181324 0.392203 0.947755
1 0.797086 0.512522 0.176424 0.199491 0.896336
1 0.678987 0.30137 0.112656 0.191065 0.885502
0 0.411583 0.634017 0.0420422 0.0524664 0.841193
2 0.415462 0.254859 0.353222 0.238503 0.557322
0 0.77391 0.41387 0.0783356 0.107251 0.292611
2 0.329826 0.305284 0.186944 0.145182 0.176571
0 0.679591 0.273346 0.11785 0.14391 0.159871
2 0.680507 0.299224 0.117582 0.190908 0.1257
2 0.491185 0.239146 0.196807 0.182503 0.115147
