2 0.617894 0.696885 0.178444 0.0923158 0.945424
2 0.479308 0.398991 0.158578 0.13813 0.897387
0 0.449832 0.60826 0.0638273 0.0581492 0.846078
0 0.625302 0.27639 0.0427163 0.0606464 0.837007
1 0.21496 0.617121 0.15341 0.210247 0.695793
0 0.32855 0.696306 0.0696356 0.0955517 0.654028
2 0.501935 0.172639 0.137498 0.1333 0.561772
0 0.107545 0.695207 0.0684906 0.0513538 0.539708
0 0.406562 0.682527 0.0882282 0.0742114 0.504526
0 0.196002 0.187448 0.0769132 0.0523826 0.457919
1 0.61803 0.703547 0.173002 0.105477 0.375039
0 0.650726 0.437704 0.0474154 0.0332097 0.352986
1 0.727551 0.493476 0.082639 0.232183 0.326939
1 0.742467 0.416714 0.116129 0.110361 0.325797
1 0.500826 0.170441 0.135049 0.128635 0.323601
2 0.103965 0.694413 0.0717284 0.0545511 0.321821
2 0.624681 0.276586 0.0457163 0.0618472 0.317337
2 0.382053 0.140774 0.0769932 0.10347 0.29086
0 0.202674 0.379092 0.0512245 0.0846055 0.288919
3 0.730999 0.488089 0.0806638 0.224929 0.284884
2 0.743844 0.41705 0.12161 0.109831 0.267866
1 0.625688 0.277137 0.0411623 0.0606087 0.223457
0 0.731043 0.544457 0.0668485 0.125688 0.193785
0 0.225107 0.696308 0.045169 0.0674751 0.180085
2 0.138863 0.529212 0.0692982 0.11749 0.162669
0 0.591453 0.754404 0.0619866 0.0351214 0.158838
2 0.714322 0.404551 0.0755093 0.08188 0.147133
1 0.649624 0.435256 0.048435 0.0405816 0.143015
2 0.202602 0.379465 0.0535328 0.0854753 0.139435
1 0.204315 0.375565 0.0562609 0.0966811 0.127315
