1 0.504454 0.591113 0.198711 0.435369 0.885882
0 0.372228 0.560586 0.0648267 0.07576 0.885112
2 0.777162 0.512314 0.185943 0.288761 0.778146
2 0.28597 0.35057 0.172366 0.132017 0.77193
0 0.653554 0.290946 0.123135 0.142671 0.578237
3 0.503986 0.591547 0.198165 0.446118 0.390238
2 0.383038 0.288986 0.375285 0.247185 0.341035
1 0.655083 0.289842 0.12045 0.14405 0.340216
1 0.777033 0.508351 0.189145 0.294221 0.222867
1 0.387857 0.288709 0.366501 0.242244 0.221062
2 0.448752 0.255114 0.228934 0.174154 0.18744
2 0.480061 0.730173 0.153206 0.15178 0.148249
