2 0.825496 0.50157 0.144385 0.257699 0.749583
0 0.540133 0.627623 0.0685593 0.0621899 0.643562
0 0.531672 0.539445 0.0655279 0.0548973 0.626159
1 0.565613 0.255555 0.203128 0.179849 0.493812
1 0.734432 0.279461 0.0972724 0.138111 0.424512
0 0.141454 0.310454 0.0333489 0.0407719 0.409542
3 0.63777 0.477221 0.101999 0.257611 0.403543
2 0.583021 0.239861 0.169575 0.153074 0.37418
0 0.562148 0.470445 0.0365168 0.033408 0.363006
0 0.761609 0.367325 0.0480986 0.0680347 0.360354
0 0.466809 0.422312 0.0444977 0.0970138 0.317848
0 0.107826 0.638197 0.0395873 0.0486469 0.314095
2 0.107301 0.638853 0.0414627 0.0511193 0.286111
1 0.634422 0.557118 0.106491 0.410176 0.261149
2 0.735712 0.281301 0.0960708 0.138692 0.209417
2 0.141848 0.322119 0.03312 0.0530896 0.182758
1 0.599618 0.655625 0.1518 0.283778 0.177391
3 0.443317 0.514388 0.0806801 0.177227 0.146609
0 0.506424 0.717897 0.0571483 0.10048 0.145805
1 0.822001 0.493935 0.146073 0.270228 0.14331
2 0.443644 0.511221 0.0794981 0.190687 0.139574
2 0.563853 0.476184 0.0342076 0.0447572 0.135298
1 0.583143 0.71828 0.140596 0.179663 0.127474
