1 0.357017 0.161575 0.223601 0.147371 0.918153
0 0.493559 0.256228 0.0492939 0.0449851 0.75167
1 0.692336 0.259968 0.167812 0.156694 0.724579
1 0.552868 0.217892 0.165914 0.155642 0.601796
3 0.458676 0.524121 0.387991 0.307662 0.587379
2 0.780361 0.720577 0.19443 0.319007 0.495396
1 0.78305 0.715701 0.200913 0.328503 0.481218
2 0.242509 0.631849 0.080857 0.135122 0.372892
2 0.301035 0.373152 0.0837591 0.163632 0.308975
0 0.391786 0.793403 0.03514 0.0429335 0.293537
2 0.810051 0.462462 0.146448 0.184658 0.239304
0 0.560553 0.217481 0.187566 0.16035 0.236362
0 0.248035 0.624972 0.0691994 0.112149 0.220417
0 0.304354 0.368344 0.0715031 0.129692 0.19104
0 0.679916 0.127729 0.0372682 0.0341858 0.124092
2 0.361898 0.162289 0.216486 0.151139 0.110027
1 0.808636 0.491372 0.146543 0.244629 0.101082
