2 0.319956 0.251631 0.152087 0.0971252 0.912271
0 0.833176 0.535977 0.0544302 0.0554729 0.808229
2 0.747647 0.663098 0.111523 0.231231 0.545889
1 0.747332 0.635487 0.111898 0.292487 0.519723
1 0.74171 0.425422 0.107709 0.195513 0.512821
1 0.74289 0.523892 0.109307 0.398071 0.416857
2 0.390246 0.629465 0.215226 0.179795 0.380262
0 0.308259 0.443774 0.0804058 0.0820433 0.253213
1 0.557294 0.262702 0.2441 0.102061 0.252809
0 0.468625 0.245761 0.0664583 0.0576252 0.206352
0 0.725367 0.365261 0.0785992 0.0779896 0.179742
2 0.548824 0.261227 0.222866 0.0961232 0.173627
2 0.435261 0.593981 0.332063 0.2547 0.162162
2 0.348693 0.668998 0.15855 0.109461 0.104978
