0 0.410471 0.346248 0.0710968 0.0905076 0.803614
1 0.480779 0.497538 0.148383 0.107443 0.797891
1 0.641909 0.306366 0.343653 0.338154 0.620769
1 0.679789 0.699754 0.302396 0.2879 0.603059
0 0.311622 0.473076 0.0719838 0.047487 0.554128
0 0.517234 0.498533 0.0867305 0.0935733 0.419666
1 0.269514 0.510639 0.101898 0.0432427 0.176187
2 0.616386 0.768871 0.171381 0.147669 0.166179
0 0.342147 0.51178 0.0560233 0.0544927 0.132176
0 0.238257 0.506154 0.0387776 0.0382456 0.126217
1 0.410795 0.349068 0.0731697 0.0984974 0.121524
