0 0.885036 0.571361 0.0522163 0.0543669 0.907127
1 0.779625 0.599807 0.187319 0.428792 0.861508
1 0.34988 0.151991 0.22999 0.136491 0.853111
1 0.615778 0.215489 0.29258 0.175181 0.74185
0 0.211762 0.340039 0.0487521 0.0403633 0.546136
1 0.77531 0.707052 0.178766 0.216293 0.518142
1 0.674723 0.245473 0.20915 0.133308 0.387544
3 0.291273 0.34763 0.101965 0.13896 0.360007
0 0.275319 0.117046 0.0881282 0.0671784 0.259794
2 0.819628 0.412235 0.143255 0.136568 0.162876
0 0.388781 0.739628 0.0345309 0.0326798 0.158596
1 0.42714 0.496038 0.462723 0.310175 0.151921
3 0.425847 0.498749 0.467702 0.3091 0.141739
0 0.287795 0.347886 0.10019 0.136958 0.131178
2 0.389169 0.745299 0.0360004 0.0363153 0.121064
