0 0.690683 0.293362 0.16259 0.186722 0.895409
0 0.795349 0.490448 0.166357 0.220076 0.878542
3 0.53356 0.550823 0.179103 0.413318 0.783192
2 0.415542 0.254481 0.360725 0.263245 0.768941
0 0.690683 0.293362 0.16259 0.186722 0.895409
0 0.795349 0.490448 0.166357 0.220076 0.878542
3 0.53356 0.550823 0.179103 0.413318 0.783192
2 0.415542 0.254481 0.360725 0.263245 0.768941
0 0.690683 0.293362 0.16259 0.186722 0.895409
0 0.795349 0.490448 0.166357 0.220076 0.878542
3 0.53356 0.550823 0.179103 0.413318 0.783192
2 0.415542 0.254481 0.360725 0.263245 0.768941
